1 0.147701103032
501 0.186286859066
1001 0.151099597998
1501 0.0837633030285
2001 0.0349664729543
2501 0.0655574950923
3001 0.00828276877017
3501 0.0648680548372
4001 0.0740336180704
4501 0.0614463201484
5001 0.044570811268
5501 0.053023715027
6001 0.063983065801
6501 0.0821073721687
7001 0.109384015829
7501 0.137793769747
8001 0.180082953673
8501 0.16009417342
9001 0.196247495323
9501 0.174413244933
10001 0.185806425113
10501 0.199798465207
11001 0.136798975538
11501 0.204343805562
12001 0.19606825015
12501 0.193814935789
13001 0.193384847954
13501 0.184736245453
14001 0.197292385201
14501 0.193509496969
15001 0.190536166088
15501 0.208116764715
16001 0.204580364706
16501 0.205670270895
17001 0.213347724509
17501 0.221090856434
18001 0.211694590504
18501 0.226566575173
19001 0.223019630064
19501 0.221094492501
20001 0.224182395076
20501 0.242411977838
21001 0.238281876991
21501 0.245682707284
22001 0.230169518358
22501 0.241287423259
23001 0.232981663567
23501 0.241384256595
24001 0.246556639033
24501 0.260081384498
25001 0.259176352558
25501 0.254704330243
26001 0.245745259519
26501 0.254847183179
27001 0.246050960747
27501 0.257656579775
28001 0.251933818632
28501 0.264238355545
29001 0.245877942295
29501 0.254737538223
30001 0.252216170948
30501 0.226210661955
30502 0.251201173278
31002 0.266064639211
31502 0.26609029978
32002 0.268390045482
32502 0.270268482679
33002 0.25924334677
33502 0.273940281684
34002 0.272428634568
34502 0.264024468355
35002 0.269771274608
35502 0.259214218404
36002 0.276676165794
36502 0.270251039926
37002 0.271841474482
37502 0.278198052251
38002 0.26603185251
38502 0.278049364491
39002 0.266553339923
39502 0.280663854118
40002 0.280386295326
40502 0.277600496617
41002 0.277866588792
41502 0.279266873345
42002 0.286362883219
42502 0.278652609151
43002 0.278979416218
43502 0.280243324504
44002 0.284213868088
44502 0.28094498957
45002 0.29029304736
45502 0.280007538086
46002 0.288054398841
46502 0.286826911833
47002 0.286605625801
47502 0.301692275876
48002 0.288724792425
48502 0.288977040391
49002 0.270899284229
49502 0.291239176774
50002 0.295354388772
50502 0.290457933546
51002 0.279300221434
51502 0.29640090315
52002 0.302229188849
52502 0.294786574206
53002 0.301391148313
53502 0.297429931963
54002 0.295544008884
54502 0.299672684542
55002 0.289254462274
55502 0.288502775344
56002 0.296314081838
56502 0.301263725479
57002 0.288862872848
57502 0.294674401313
58002 0.287471644038
58502 0.299682194849
59002 0.29887176183
59502 0.307161225013
60002 0.305501549654
60502 0.301344418638
61002 0.292827041059
61502 0.295124078004
62002 0.29176123094
62502 0.308261543227
63002 0.306066782534
63502 0.300929038972
64002 0.300417824139
64502 0.29295351101
65002 0.2978239653
65502 0.307113285924
66002 0.309938430833
66502 0.318791135993
67002 0.302421998034
67502 0.304179385708
68002 0.29979321034
68502 0.298500384151
69002 0.305877867154
69502 0.30951761326
70002 0.308630082967
70502 0.311895705503
71002 0.309994318853
71502 0.307127098145
72002 0.294226640843
72502 0.317320254541
73002 0.306377783878
73502 0.294822738636
73503 0.307688656828
73553 0.327817682213
73603 0.314732232334
73503 0.308262727664
74003 0.30928542968
74503 0.317309377247
75003 0.314856719099
75503 0.307918066696
76003 0.291815564015
76503 0.316037635574
77003 0.311427458257
77503 0.299297796289
78003 0.309892675472
78503 0.317033633606
79003 0.317023904547
79503 0.313897047789
80003 0.311530847068
80503 0.31163469728
81003 0.311564628423
81503 0.309427461231
82003 0.314987528567
82503 0.311029318031
83003 0.327665862478
83503 0.317654287237
84003 0.316066165012
84503 0.322055530186
85003 0.323648802888
85503 0.304404991012
86003 0.317022462294
86503 0.315455902373
87003 0.31041341466
87503 0.323055982947
88003 0.323400759017
88503 0.318465699449
89003 0.313648655788
89503 0.320406641442
90003 0.318698544696
90503 0.317630282979
91003 0.315016030808
91503 0.324613628451
92003 0.326035779798
92503 0.321050961353
93003 0.327583821324
93503 0.328055180578
94003 0.326226606791
94503 0.311246107409
95003 0.318935557779
95503 0.331468131656
96003 0.331876123847
96503 0.322322192812
97003 0.326821517639
97503 0.321642351647
98003 0.329961073634
98503 0.32954323723
99003 0.330749810678
99503 0.335052688195
100003 0.32207113085
100503 0.332540323971
101003 0.334037375274
101503 0.329348447839
102003 0.326904176527
102503 0.326915674609
103003 0.333310863596
103503 0.324562990327
104003 0.321038305481
104503 0.332868151886
105003 0.322946414703
105503 0.324122824814
106003 0.325528668623
106503 0.331337877423
107003 0.333603731946
107503 0.331250521863
108003 0.331756162165
108503 0.333735864291
109003 0.328365657647
109503 0.316444924144
110003 0.321659767392
110503 0.324386696551
111003 0.334017978463
111503 0.333506902375
112003 0.336125010964
112503 0.331892465179
113003 0.328106471781
113503 0.340679709063
114003 0.326719591156
114503 0.332354892004
115003 0.329725921602
115503 0.335428364056
116003 0.33520054851
116503 0.337004904
117003 0.330869868556
117503 0.33709218935
118003 0.337934562447
118503 0.339161516673
119003 0.337841482626
119503 0.334618363852
120003 0.326355505109
120503 0.3391002201
121003 0.335940350988
121503 0.330475732388
122003 0.338791099333
122503 0.328716622807
123003 0.345298212851
123503 0.334441293841
124003 0.332564683367
124503 0.340958646962
125003 0.334740440805
125503 0.335884259455
126003 0.335733289562
126503 0.341141585724
127003 0.34469411243
127503 0.344767410706
128003 0.338644026523
128503 0.332113858113
129003 0.340414543481
129503 0.339332998309
130003 0.342453736015
130503 0.326170509934
131003 0.339103850311
131503 0.33472965917
132003 0.335441675141
132503 0.346886033874
133003 0.348972729989
133503 0.340003536971
134003 0.334799317966
134503 0.338844641854
135003 0.338776867566
135503 0.343294205687
136003 0.34213955472
136503 0.344926237479
137003 0.34192067669
137503 0.346414150535
138003 0.34181309909
138503 0.333930518102
139003 0.339713902028
139503 0.340077696117
140003 0.344113997875
140503 0.339800846564
141003 0.334343623374
141503 0.354314193827
142003 0.35045878364
142503 0.337628359349
143003 0.344261517981
143503 0.343073292621
144003 0.348554132773
144503 0.3500630644
145003 0.342486888516
145503 0.338890664138
146003 0.345262371147
146503 0.348594108704
147003 0.337165732386
147503 0.333756781781
148003 0.342291154472
148503 0.346255328527
149003 0.341377993459
149503 0.344088467343
150003 0.34448636918
150503 0.344509586075
151003 0.339060710931
151503 0.345800229876
152003 0.335758239937
152503 0.343992804651
153003 0.336651968068
153503 0.356115944541
154003 0.339424660682
154503 0.346935408246
155003 0.35477307221
155503 0.351604684102
156003 0.350947300581
156503 0.355811095219
157003 0.346262883865
157503 0.342432617213
158003 0.342506447821
158503 0.345574447277
159003 0.345254537713
159503 0.333229755611
160003 0.346058039146
160503 0.35367361224
161003 0.353718475572
161503 0.345848520776
162003 0.348675968429
162503 0.34044799959
163003 0.345997084793
163503 0.341074906751
164003 0.338485162055
164503 0.344500520024
165003 0.346916554581
165503 0.335680412266
166003 0.348983613063
166503 0.343923493208
167003 0.344464619183
167503 0.356065478441
168003 0.356801042718
168503 0.357297549335
169003 0.350191659994
169503 0.34162518276
170003 0.342004195853
170503 0.348498186627
171003 0.347840130777
171503 0.344781867843
172003 0.347269650305
172503 0.344252280868
173003 0.355409227394
173503 0.346251703155
174003 0.353157689744
174503 0.34214744303
175003 0.354527683517
175503 0.343458914909
176003 0.350751782855
176503 0.345779522767
177003 0.352079605412
177503 0.347570063792
178003 0.341786600636
178503 0.345922834175
179003 0.34553394455
179503 0.348994763996
180003 0.338901651007
180503 0.349830557347
181003 0.347268752845
181503 0.353610395806
182003 0.346389845894
182503 0.351528280904
183003 0.34631885248
183503 0.345692077833
184003 0.354700982256
184503 0.346850470981
185003 0.356323995282
185503 0.346952731239
186003 0.352124519831
186004 0.344787691235
186004 0.36824470978
