1 0.116379526034
501 0.138544681173
1001 0.144401458853
1501 0.166382727667
2001 0.151165342201
2501 0.153172431727
3001 0.17102999801
3501 0.11467889078
4001 0.0970576115671
4501 0.128353123643
5001 0.099802000257
5501 0.14732493197
6001 0.13164029308
6501 0.161255043904
7001 0.126299844632
7501 0.115264664072
8001 0.108867909475
8501 0.140357599631
9001 0.16641392904
9501 0.149990119726
10001 0.144192006454
10501 0.139064053666
11001 0.106575095981
11501 0.168298613543
12001 0.162804175027
12501 0.132774118988
13001 0.16693546241
13501 0.146798563133
14001 0.145960786069
14501 0.15353025283
15001 0.153748571286
15501 0.161461331634
16001 0.158989336746
16501 0.153032745041
17001 0.160835451698
17501 0.151848897163
18001 0.146319001742
18501 0.152173872465
19001 0.175242561506
19501 0.172542844814
20001 0.162660919239
20501 0.165042954486
21001 0.171607602584
21501 0.173680961859
22001 0.180749907903
22501 0.159433532146
23001 0.168292767028
23501 0.169428530942
24001 0.179754755639
24501 0.17881076401
25001 0.169696463548
25501 0.182403456132
26001 0.191596919661
26501 0.187099241865
27001 0.172592750682
27501 0.191809394118
28001 0.189020176323
28501 0.188417731625
29001 0.181687354638
29501 0.194086781485
30001 0.186179589109
30501 0.196017094967
31001 0.187079739014
31501 0.207688679418
32001 0.17586678599
32501 0.198069565772
33001 0.195026951606
33501 0.200205859906
34001 0.211247473958
34501 0.200400351442
35001 0.182841716571
35501 0.205652083107
36001 0.197772692525
36501 0.213886833974
37001 0.211093920003
37501 0.214313568752
38001 0.19912757892
38501 0.206807478442
39001 0.198064918766
39501 0.206262371068
40001 0.20894038877
40501 0.194525764735
41001 0.211348165147
41501 0.198684102288
42001 0.207333552442
42501 0.197141632357
43001 0.186966038217
43501 0.226474866261
44001 0.20814565973
44501 0.21428270757
45001 0.197829644618
45501 0.221843633647
