1 0.100725759616
501 0.0723076178742
1001 0.0547454064426
1501 0.0931558444336
2001 0.0701189070188
2501 0.0896756858427
3001 0.0382895068714
3501 0.0880992983934
4001 0.0843482588759
4501 0.0732309414591
5001 0.0881633631561
5501 0.0800794780423
6001 0.0780796968693
6501 0.0867547966623
7001 0.134404726549
7501 0.135505790299
8001 0.179849548021
8501 0.11413554341
9001 0.158542922183
9501 0.151492048087
10001 0.155140682868
10501 0.167118551504
11001 0.122479536178
11501 0.152295195118
12001 0.156925113115
12501 0.161825705892
13001 0.19138994753
13501 0.15150893945
14001 0.201275162782
14501 0.184980895227
15001 0.194112828877
15501 0.192943457821
16001 0.203437562094
16501 0.174037318362
17001 0.209222694823
17501 0.191920503373
18001 0.183567167286
18501 0.214297959275
19001 0.205344987599
19501 0.217415449751
20001 0.218597647102
20501 0.212670546905
21001 0.215151130808
21501 0.216180960632
22001 0.219609658944
22501 0.210202301771
23001 0.203052380881
23501 0.22211247884
24001 0.216432324402
24501 0.233610280565
25001 0.240084210387
25501 0.221969069213
26001 0.237414659063
26501 0.227345973051
27001 0.241570526307
27501 0.238700695856
28001 0.248510310426
28501 0.245187463141
28502 0.227480736444
29002 0.243917380119
29502 0.227767476593
30002 0.243386105527
30502 0.219256630525
31002 0.231855718518
31502 0.248577772137
32002 0.257032125394
32502 0.258767246064
33002 0.272826509498
33502 0.251081373875
34002 0.259787733477
34502 0.269043333982
35002 0.259373069132
35502 0.250177546979
36002 0.234656783025
36502 0.259135432084
37002 0.258093627027
37502 0.274445383256
38002 0.268129724781
38502 0.25416818623
39002 0.272694001234
39502 0.260239214917
40002 0.261863700341
40502 0.268902547188
41002 0.263978574373
41502 0.284818866022
42002 0.269444525217
42502 0.278986351039
43002 0.281921454508
43502 0.283853090655
44002 0.288206558146
44502 0.286156668391
45002 0.282102742723
45502 0.293362366247
