250 0.0640877699761
500 0.121130498706
750 0.123896078057
1000 0.0871178567396
250 0.000166389228719
500 0.131930662149
750 0.10086710145
1000 0.14360073729
1250 0.0882924274125
1500 0.130244625869
1750 0.10852738456
2000 0.144146232491
2250 0.143513149691
2500 0.170012199569
2750 0.140256525967
3000 0.144039460278
3250 0.174617887842
3500 0.176035351159
3750 0.159343054005
4000 0.163037091619
4250 0.157525873699
4500 0.200142028141
4750 0.174331541904
5000 0.174817718727
5250 0.181800402109
5500 0.180483011749
5750 0.203703441765
6000 0.203866125876
6250 0.176598439006
6500 0.196386811437
6750 0.206257552709
7000 0.209480258139
7250 0.20140728627
7500 0.184217597138
7750 0.201149555491
8000 0.209832545449
8250 0.22249829041
8500 0.199664141157
8750 0.228290843294
9000 0.194421003705
9250 0.192211122839
9500 0.215266054918
9750 0.219996542808
10000 0.224823080521
10250 0.22170137502
10500 0.211514593939
10750 0.223552261009
11000 0.2376998594
11250 0.228673356158
11500 0.210236743788
11750 0.219184709735
12000 0.224397035505
12250 0.211137715916
12500 0.222048676493
12750 0.21245503767
13000 0.228982911997
13250 0.234959069451
13500 0.224560083177
13750 0.247923963887
14000 0.229416204768
14250 0.220522109847
14500 0.236827304608
14750 0.23658652031
15000 0.23681472723
15250 0.239036043022
15500 0.237912441489
15750 0.241558959452
16000 0.237279465925
16250 0.244062121256
16500 0.248966340233
16750 0.254277887954
17000 0.245936182791
17250 0.24244611009
17500 0.255674489864
17750 0.247951969945
18000 0.251707636777
18250 0.261905952778
18500 0.245749923442
18750 0.251675799355
19000 0.233108730242
19250 0.248211488878
19500 0.253902412068
19750 0.255062527664
20000 0.247647719264
20250 0.264326720006
20500 0.255733405575
20750 0.241020386633
21000 0.252998012216
21250 0.245661774455
21500 0.255045012308
21750 0.267987544518
22000 0.258990726907
22250 0.264286701107
22500 0.26727538746
22750 0.257031834934
23000 0.242484207468
23250 0.267514040904
23500 0.264132448979
23750 0.271628939074
24000 0.270350934366
24250 0.271656615125
24500 0.269356757806
24750 0.269876351676
25000 0.261034757432
25250 0.274296991003
25500 0.259680094318
25750 0.26405986921
26000 0.262805044454
26250 0.268685495909
26500 0.260590875833
26750 0.262784701182
27000 0.261348974417
27250 0.253787984825
27500 0.277522551475
27750 0.267461391041
28000 0.275911294841
28250 0.285285239916
28500 0.273183296953
28750 0.276177188868
29000 0.280082114628
29250 0.27289840006
29500 0.265123125905
29750 0.274100870872
30000 0.281386953955
30250 0.284047852408
30500 0.285002854299
30750 0.275576664811
31000 0.282217977552
31250 0.280130548384
31500 0.278519299168
31750 0.280150980717
32000 0.296244249583
32250 0.270308232024
32500 0.289042765097
32750 0.275439306299
33000 0.281164245132
33250 0.283368864643
33500 0.297186463623
33750 0.284008202344
34000 0.284965421324
34250 0.286596661874
34500 0.28227265899
34750 0.299253421608
35000 0.289694001776
35250 0.279420290197
35500 0.296107904797
35750 0.288879709942
36000 0.292085115588
36250 0.295538961219
36500 0.302872795544
36750 0.294460271245
37000 0.297830811178
37250 0.288921489859
37500 0.299780070274
37750 0.288865679969
38000 0.297681839723
38250 0.2980852101
38500 0.301603150934
38750 0.301307980432
39000 0.291020658114
39250 0.301176834914
39500 0.297885172306
39750 0.299198075503
40000 0.291646135928
40250 0.303250928431
40500 0.299661724156
40750 0.295915649876
41000 0.301222615517
41250 0.28830356885
41500 0.298424012451
41750 0.294607390008
42000 0.31505678491
42250 0.307545199732
42500 0.304781887671
42750 0.305100562994
43000 0.301377512819
43250 0.291937698094
43500 0.307630422122
43750 0.294131301001
44000 0.291099343784
44250 0.309508140507
44500 0.306341043541
44750 0.31046088404
45000 0.309814414477
45250 0.310867391343
45500 0.311221452012
45750 0.311382864188
46000 0.309536345353
46250 0.307998263348
46500 0.315945930552
46750 0.30719643864
47000 0.318996460842
47250 0.315376279604
47500 0.309340396997
47750 0.31427698215
48000 0.31475501595
48250 0.306326079219
48500 0.310435174045
48750 0.316429486644
49000 0.310788354189
49250 0.314504977426
49500 0.307937578232
49750 0.316296350433
50000 0.318302531625
50250 0.316856995898
50500 0.318518671989
50750 0.307282022038
51000 0.320494169799
51250 0.314006732626
51500 0.31014888983
51750 0.314593589185
52000 0.329477214735
52250 0.31977316717
52500 0.319204751007
52750 0.316447352869
53000 0.326057137047
53250 0.306730658641
53500 0.31814611919
53750 0.327299985363
54000 0.328253557117
54250 0.31713649522
54500 0.311627710612
54750 0.314109634614
55000 0.329223345147
55250 0.318592536069
55500 0.320495246097
55750 0.322226323253
56000 0.315087568103
56250 0.318542365481
56500 0.332981680533
56750 0.325969306457
57000 0.32479974565
57250 0.329109240669
57500 0.33134468442
57750 0.314707239591
58000 0.324874905538
58250 0.329711424648
58500 0.324730362625
58750 0.335830495491
59000 0.324920236474
59250 0.322558359375
59500 0.332958877377
59750 0.327418796811
60000 0.327263801309
60250 0.331292566381
60500 0.310905778321
60750 0.333891555273
61000 0.335782306756
61250 0.329236984006
61500 0.324228593248
61750 0.330400768843
62000 0.329701493776
62250 0.321274668276
62500 0.318938924732
62750 0.320096172256
63000 0.3309314703
63250 0.33835004363
63500 0.33220913509
63750 0.34002354394
64000 0.335943977177
64250 0.337388412328
64500 0.313850517958
64750 0.335691414611
65000 0.330746527044
65250 0.330230944953
65500 0.336200545311
65750 0.326894010426
66000 0.337295215121
66250 0.328944474446
66500 0.328042056496
66750 0.331143923806
67000 0.336637823935
67250 0.333560097044
67500 0.334240719472
67750 0.335310125783
68000 0.333516896303
68250 0.335288588807
68500 0.337213178792
68750 0.335371369597
69000 0.341785122378
69250 0.32779588322
69500 0.340778349407
69750 0.31564631723
70000 0.333191645627
70250 0.335639822983
70500 0.338303080942
70750 0.330663163298
71000 0.337589006136
71250 0.327559689554
71500 0.337339676613
71750 0.34803097358
72000 0.344284496358
72250 0.337580758452
72500 0.340099415042
72750 0.343090844186
73000 0.34469665328
73250 0.341970472559
73500 0.34158599109
73750 0.337869698954
74000 0.353720335745
74250 0.340721721916
74500 0.340921047019
74750 0.336822753075
75000 0.348670973804
75250 0.351134422488
75500 0.34635144287
75750 0.342750065764
76000 0.350525184211
76250 0.3428840883
76500 0.345114636326
76750 0.343169168798
77000 0.345921865921
77250 0.337331923018
77500 0.347166358513
77750 0.347320879957
78000 0.347349925287
78250 0.338739139547
78500 0.344113325251
78750 0.350690616004
79000 0.346683860094
79250 0.345487287169
79500 0.348325430118
79750 0.351451551751
80000 0.341865398524
80250 0.351492734301
80500 0.346265479145
80750 0.35154161436
81000 0.351964463153
81250 0.359528823668
81500 0.346319503199
81750 0.354292062727
82000 0.342813792187
82250 0.3409696141
82500 0.3494258152
82750 0.34915531131
83000 0.346742416572
83250 0.356168327839
83500 0.345107803354
83750 0.351941230336
84000 0.350383725866
84250 0.35637819068
84500 0.354299423858
84750 0.353929923935
85000 0.353792241969
85250 0.357759847944
85500 0.359531400172
85750 0.35589250771
86000 0.351749053865
86250 0.342209671208
86500 0.352610993796
86750 0.358006811468
87000 0.356605018225
87250 0.356660285235
87500 0.351989087916
87750 0.357191862961
88000 0.354265711871
88250 0.349680326881
88500 0.351802809404
88750 0.347187936607
89000 0.357839947162
89250 0.357237436827
89500 0.351728519959
89750 0.361606626756
90000 0.355591156411
90250 0.358303376504
90500 0.355232783927
90750 0.353135341179
91000 0.354464375929
91250 0.354171184357
91500 0.355132405342
91750 0.35838359662
92000 0.35620676702
92250 0.361989020731
92500 0.356347894859
92750 0.356125011178
93000 0.356630815258
93250 0.35808985278
93500 0.359673573215
93750 0.361126181106
94000 0.361430960287
94250 0.356666602466
94500 0.359238833995
94750 0.35569076784
95000 0.36209372679
95250 0.3564392872
95500 0.354798449302
95750 0.357339651442
96000 0.360941882074
96250 0.355516930711
96500 0.351638583866
96750 0.358785831697
97000 0.364119646282
97250 0.355660228821
97500 0.355224690164
97750 0.363782845026
98000 0.358557075613
98250 0.362637672482
98500 0.365956665961
98750 0.36515293662
99000 0.370211016247
99250 0.367727938141
99500 0.354422577106
99750 0.36120316077
100000 0.365131226718
100250 0.364182002085
100500 0.360335125003
100750 0.362050180922
101000 0.352864259288
101250 0.366424819214
101500 0.357139441106
101750 0.362301857053
102000 0.370206718667
102250 0.357041646789
102500 0.369095875149
102750 0.365711845127
103000 0.360730252129
103250 0.36261853359
103500 0.367039783463
103750 0.366275695902
104000 0.366113645408
104250 0.361011079933
104500 0.358844204752
104750 0.371558390504
105000 0.364854940398
105250 0.359198416132
105500 0.355887391474
105750 0.369580175775
106000 0.366117752115
106250 0.367338997091
106500 0.354991767447
106750 0.355345849222
107000 0.369912227692
107250 0.357822663947
107500 0.367260491863
107750 0.366145407263
108000 0.365574633285
108250 0.368297058397
108500 0.367254019064
108750 0.360224734192
109000 0.371694486657
109250 0.366985677655
109500 0.365427289922
109750 0.369656692044
110000 0.366431558611
110250 0.375158437591
110500 0.371879149753
110750 0.368218453753
111000 0.369942342731
111250 0.365509430709
111500 0.366963135474
111750 0.3600069542
112000 0.371509110427
112250 0.369811663837
112500 0.368784871826
112750 0.369867363617
113000 0.363427205521
113250 0.370706320624
113500 0.36296101577
113750 0.375414614409
114000 0.367486397574
114250 0.374158108641
114500 0.369845655445
114750 0.362371968695
115000 0.375499149644
115250 0.372694036958
115500 0.37060154797
115750 0.368913677132
116000 0.368068179285
116250 0.373383912252
116500 0.373018713063
116750 0.374039977732
117000 0.369658819117
117250 0.36712878961
117500 0.367483325458
117750 0.36442927363
118000 0.370073300029
118250 0.36324046593
118500 0.358717278833
118750 0.379543075853
119000 0.364738831807
119250 0.374275273721
119500 0.372886392924
119750 0.370871486922
120000 0.369227891927
120250 0.366372203235
120500 0.374559696867
120750 0.373188969251
121000 0.375352622447
121250 0.370963486397
121500 0.377011210716
121750 0.383046103111
122000 0.377199938234
122250 0.377657126441
122500 0.37608952256
122750 0.377831403416
123000 0.379989402725
123250 0.376470808347
123500 0.370730026038
123750 0.384882696926
124000 0.375420428632
124250 0.37678904919
124500 0.374403774996
124750 0.373664517642
125000 0.373581703288
125250 0.371530185519
125500 0.382597977584
125750 0.377988574863
126000 0.374458977607
126250 0.369210677557
126500 0.366331632804
126750 0.371638079778
127000 0.375875804396
127250 0.37926930829
127500 0.376485072741
127750 0.382641978898
128000 0.376346014376
128250 0.372323744621
128500 0.382110071145
128750 0.377916698012
129000 0.378544839756
129250 0.37830254175
129500 0.373239431907
129750 0.383438162771
130000 0.381990526803
130250 0.377741335936
130500 0.383630396328
130750 0.378059884136
131000 0.383839731931
131250 0.37878716361
131500 0.383879944998
131750 0.376994606021
132000 0.377221571358
132250 0.382551214662
132500 0.382519079313
132750 0.378270465891
133000 0.378859847873
133250 0.386378351185
133500 0.382181570374
133750 0.381652754853
134000 0.375838351176
134250 0.380837166633
134500 0.379046647609
134750 0.377044626996
135000 0.378583752368
135250 0.37626943443
135500 0.37509365393
135750 0.374072608915
136000 0.383595709751
136250 0.375484573333
136500 0.380891022851
136750 0.381104048161
137000 0.377209044746
137250 0.379874270076
137500 0.385191704909
137750 0.377560083334
138000 0.385304287173
138250 0.378714296767
138500 0.382994196832
138750 0.380490906671
139000 0.375976610018
139250 0.382724407291
139500 0.38572007008
139750 0.379262747911
140000 0.378000803725
140250 0.379537112283
140500 0.381954534079
140750 0.378175178689
141000 0.380076441046
141250 0.387272131751
141500 0.381683749337
141750 0.382519841433
142000 0.381035889274
142250 0.387085644747
142500 0.383747257826
142750 0.381129688685
143000 0.382423224798
143250 0.383062930071
143500 0.379751917137
143750 0.387898267511
144000 0.376374370411
144250 0.391391495842
144500 0.385023570112
144750 0.376917555308
145000 0.387382846941
145250 0.388513751076
145500 0.383814382657
145750 0.377699073335
146000 0.383730639253
146250 0.37957385946
146500 0.38121374571
146750 0.385363672562
147000 0.382750800919
147250 0.385088716057
147500 0.382472087013
147750 0.382246325716
148000 0.379437630472
148250 0.385792072579
148500 0.388480063907
148750 0.391139435257
149000 0.386444941143
149250 0.383309343233
149500 0.385693740771
149750 0.387778179804
150000 0.386147540242
150250 0.384988736026
150500 0.388909967074
150750 0.389972129209
151000 0.39161290973
151250 0.39001391884
151500 0.382257676943
151750 0.385358424384
152000 0.379694262693
152250 0.390569846164
152500 0.383976448272
152750 0.382583360011
153000 0.387387033841
153250 0.38975792534
153500 0.390373388675
153750 0.387606431337
154000 0.382664562361
154250 0.389283106524
154500 0.39810472732
154750 0.387148596286
155000 0.388212720741
155250 0.388944118443
155500 0.388915151651
155750 0.386967052249
156000 0.39828116179
156250 0.392249113778
156500 0.388913909422
156750 0.388700925802
157000 0.390687077328
157250 0.386807744189
157500 0.390351037107
157750 0.389458883483
158000 0.392362706932
158250 0.392329447058
158500 0.393533391006
158750 0.389265197613
159000 0.387129372982
159250 0.394032380723
159500 0.383025896202
159750 0.391832707346
160000 0.387262113195
160250 0.395730206483
160500 0.392674460486
160750 0.394429149517
161000 0.398577589956
161250 0.39050833039
161500 0.392244233904
161750 0.395211377236
162000 0.388273490419
162250 0.385588693767
162500 0.38526715177
162750 0.393830157161
163000 0.393407300198
163250 0.393542875462
163500 0.393816152871
163750 0.39926460667
164000 0.389441907238
164250 0.391243792033
164500 0.391228926276
164750 0.388849830156
165000 0.393464842282
165250 0.395421278801
165500 0.393107702022
165750 0.390761668003
166000 0.394135519542
166250 0.395015703726
166500 0.391961419004
166750 0.388529838907
167000 0.386917268765
167250 0.392455479238
167500 0.397746946175
167750 0.389008022139
168000 0.390377883116
168250 0.397046604258
168500 0.394117965597
168750 0.392918780288
169000 0.390365990046
169250 0.39694844883
169500 0.389529413054
169750 0.391718170759
170000 0.39055302768
170250 0.391566457573
170500 0.394829305743
170750 0.393125012132
171000 0.392502273999
171250 0.393574612903
171500 0.401906622867
171750 0.394888450462
172000 0.394276566363
172250 0.388257350112
172500 0.396199144547
172750 0.391273180203
173000 0.390648665858
173250 0.392126945123
173500 0.389557348963
173750 0.394780367118
174000 0.389200176388
174250 0.389650367368
174500 0.395313887511
174750 0.3922492644
175000 0.39723151319
175250 0.394352484337
175500 0.396470278065
175750 0.395492701681
176000 0.396957889999
176250 0.395730658509
176500 0.392611701699
176750 0.392897905766
177000 0.395676624859
177250 0.391776572356
177500 0.395334337836
177750 0.397671437478
178000 0.389431969853
178250 0.391682231051
178500 0.391521180147
178750 0.39124188694
179000 0.394977235818
179250 0.392086469146
179500 0.395875527069
179750 0.396089223664
180000 0.391487202222
180250 0.393326923615
180500 0.392401207663
180750 0.393753269637
181000 0.395750983634
181250 0.388693176212
181500 0.394871622277
181750 0.392653540503
182000 0.391500166549
182250 0.386161902163
182500 0.397136406605
182750 0.397047648718
183000 0.396984216075
183250 0.396349537616
183500 0.397401379529
183750 0.397067395425
184000 0.396897758546
184250 0.393487502293
184500 0.395476713333
184750 0.391710304441
185000 0.394276377815
185250 0.398686400396
185500 0.394335212128
185750 0.394885540431
186000 0.394598560021
186250 0.396324083025
186500 0.396150816138
186750 0.393848319873
187000 0.39328604182
187250 0.396962213299
187500 0.391217663722
187750 0.400050281563
188000 0.397891186629
188250 0.399587139798
188500 0.395798022824
188750 0.395568343795
189000 0.396992457202
189250 0.397090418927
189500 0.39488256996
189750 0.396829486754
190000 0.398974445241
190250 0.396688279083
190500 0.393911389987
190750 0.396210754821
191000 0.402358489324
191250 0.400580987532
191500 0.398933274271
191750 0.395301574513
192000 0.391883374818
192250 0.394871427759
192500 0.401418314497
192750 0.394815006109
193000 0.396265939689
193250 0.396780933863
193500 0.395787412718
193750 0.399423315929
194000 0.400026225387
194250 0.39708688272
194500 0.396836814822
194750 0.393509780921
195000 0.398900798184
195250 0.395919242941
195500 0.39768212148
195750 0.393261753551
196000 0.397383564214
196250 0.399930250985
196500 0.398238313865
196750 0.397172183149
197000 0.3986891893
197250 0.393175926116
197500 0.39520864821
197750 0.400265160505
198000 0.400646808173
198250 0.399180468111
198500 0.40161401212
198750 0.400029939926
199000 0.394063489352
199250 0.400754626496
199500 0.394355089246
199750 0.398924866706
200000 0.399398727625
200250 0.405666993522
200500 0.407901349155
200750 0.399880847705
201000 0.403335025952
201250 0.404041235366
201500 0.397103707595
201750 0.395120112378
202000 0.39577987609
202250 0.395454527114
202500 0.400173443204
202750 0.390440730711
203000 0.403937680433
203250 0.39209196787
203500 0.401627067636
203750 0.398700404318
204000 0.389349476296
204250 0.396314178533
204500 0.399802141673
204750 0.403168041923
205000 0.39730194908
205250 0.395269598883
205500 0.397643139293
205750 0.399267846049
206000 0.40334274264
206250 0.400010057758
206500 0.399139837345
206750 0.404564617112
207000 0.398337516717
207250 0.400131015708
207500 0.400747034075
207750 0.400533134072
208000 0.39795101117
208250 0.399104337104
208500 0.401281098177
208750 0.399550670176
209000 0.398904588961
209250 0.394749845504
209500 0.398054163964
209750 0.399701890878
210000 0.39915718773
210250 0.398992310874
210500 0.392680747117
210750 0.397830295448
211000 0.400782622617
211250 0.404568343642
211500 0.397549612957
211750 0.396204728215
212000 0.396804607676
212250 0.403162410628
212500 0.401657491784
212750 0.401447375528
213000 0.396408999776
213250 0.405173580425
213500 0.405185809457
213750 0.401776137842
214000 0.397074761581
214250 0.398335956981
214500 0.400069729613
214750 0.400262890422
215000 0.398964849013
215250 0.401195221342
215500 0.3990658047
215750 0.398761381051
216000 0.396308518573
216250 0.400234404427
216500 0.402081266665
216750 0.404184728325
217000 0.404804461448
217250 0.396878138341
217500 0.401768948147
217750 0.402898976683
218000 0.401205994636
218250 0.40276168548
218500 0.403951489157
218750 0.402411157351
219000 0.399832513475
219250 0.397515595864
219500 0.402033851388
219750 0.402295905639
220000 0.39798209828
220250 0.406120707733
220500 0.4018518305
220750 0.402658874722
221000 0.40013708071
221250 0.409155793088
221500 0.403107616721
221750 0.398860757279
222000 0.405766714453
222250 0.402038709827
222500 0.401685441694
222750 0.407707344056
223000 0.403597999822
223250 0.399504285515
223500 0.403665635519
223750 0.406717987081
224000 0.402797279038
224250 0.407667060333
224500 0.402450479716
224750 0.407134356947
225000 0.400548642899
225250 0.405311556865
225500 0.401039536532
225750 0.405104122526
226000 0.408425207475
226250 0.407819360012
226500 0.40241089696
226750 0.401270110796
227000 0.40526354096
227250 0.399260945036
227500 0.403913006252
227750 0.405104299216
228000 0.401038102519
228250 0.401938655942
228500 0.401049319404
228750 0.40442323583
229000 0.404899482851
229250 0.403911066061
229500 0.401598331942
229750 0.404365068928
230000 0.403353135865
230250 0.407417168436
230500 0.408161832993
230750 0.406648093014
231000 0.405320042047
231250 0.406771851859
231500 0.402241894387
231750 0.399169146216
232000 0.401053953359
232250 0.405030974794
232500 0.404807508548
232750 0.405990844693
233000 0.404703064042
233250 0.404721328211
233500 0.406833360383
233750 0.40372364352
234000 0.404958291792
234250 0.399773223766
234500 0.408028714848
234750 0.405752885862
235000 0.40770175977
235250 0.408061874269
235500 0.407957778537
235750 0.404676437049
236000 0.405394428137
236250 0.407040296309
236500 0.403498088547
236750 0.40646965221
237000 0.404596330947
237250 0.405331958175
237500 0.406442816386
237750 0.407963274197
238000 0.407413554388
238250 0.404976952051
238500 0.403358279977
238750 0.397479818081
239000 0.403558326016
239250 0.403505068961
239500 0.407095667865
239750 0.409923337809
240000 0.403308522605
240250 0.407252069388
240500 0.409110899112
240750 0.406107899971
241000 0.403249384942
241250 0.403847776559
241500 0.405197654057
241750 0.403674054826
242000 0.403327477448
242250 0.404600980049
242500 0.406867133152
242750 0.403345271012
243000 0.401500691535
243250 0.402086762329
243500 0.401053511002
243750 0.407551974779
244000 0.408261303651
244250 0.406084633789
244500 0.406312205932
244750 0.408066059249
245000 0.404641520733
245250 0.399850514138
245500 0.405974582098
245750 0.411171659028
246000 0.400221515067
246250 0.406158967852
246500 0.408744345137
246750 0.401399347241
247000 0.399775436914
247250 0.405369601152
247500 0.405606894246
247750 0.401902384989
248000 0.401240235499
248250 0.408537100244
248500 0.400171924619
248750 0.40502707117
249000 0.402581728882
249250 0.407565048138
249500 0.405539986798
249750 0.406432362801
250000 0.403926826526
250250 0.402718438758
250500 0.401640679556
250750 0.407031519328
251000 0.406029787789
251250 0.408642782547
251500 0.403422057383
251750 0.402936994051
252000 0.409990558524
252250 0.404369016408
252500 0.402740556554
252750 0.404883512955
253000 0.402598907943
253250 0.404357638166
253500 0.407504627036
253750 0.409876209393
254000 0.404891587013
254250 0.406983694855
254500 0.404986942651
254750 0.408266219266
255000 0.407118470913
255250 0.40657804082
255500 0.407129360814
255750 0.402646441084
256000 0.406837695157
256250 0.404575040138
256500 0.404332436848
256750 0.40541876377
257000 0.407813740201
257250 0.404817754282
257500 0.405120056157
257750 0.399979428235
258000 0.407505561794
258250 0.405031085763
258500 0.408133305597
258750 0.405942621869
259000 0.408086034395
259250 0.404374508094
259500 0.406988792939
259750 0.401541476861
260000 0.404026841008
260250 0.402387739739
260500 0.403100169285
260750 0.409213248948
261000 0.404245326697
261250 0.404189560108
261500 0.404656578375
261750 0.410699028471
262000 0.404457098748
262250 0.411153314477
262500 0.405448893526
262750 0.407126805651
263000 0.405463727482
263250 0.408761905351
263500 0.405550087273
263750 0.408960480976
264000 0.409805507199
264250 0.400597535868
264500 0.405769362027
264750 0.406934637847
265000 0.408267939999
265250 0.410241763579
265500 0.407828742529
265750 0.409572499438
266000 0.405846038222
266250 0.40679596302
266500 0.411894517231
266750 0.404900020517
267000 0.410205491202
267250 0.412465188844
267500 0.407174937711
267750 0.408367954585
268000 0.410409571405
268250 0.411772849742
268500 0.407671267898
268750 0.407896245031
269000 0.408169456724
269250 0.408580799585
269500 0.410439078907
269750 0.41060301683
270000 0.410999815206
270250 0.407822700858
270500 0.4073207311
270750 0.404111836375
271000 0.405224514172
271250 0.40789123464
271500 0.410055658752
271750 0.411577320342
272000 0.407150043326
272250 0.406787992632
272500 0.408775785305
272750 0.407104763428
273000 0.410110631937
273250 0.40861977008
273500 0.404586441928
273750 0.4046994268
274000 0.407350388416
274250 0.411272154439
274500 0.408228484295
274750 0.404468634502
275000 0.404142603154
275250 0.408420094066
275500 0.410352113052
275750 0.407299090471
276000 0.410377576805
276250 0.40468152769
276500 0.405148403871
276750 0.405979608913
277000 0.408763241652
277250 0.403921142913
277500 0.405228914848
277750 0.408309222594
278000 0.409746167191
278250 0.409381997155
278500 0.411477075158
278750 0.411425963944
279000 0.41082431421
279250 0.40975731605
279500 0.411278287169
279750 0.410212006866
280000 0.411024337061
280250 0.412003525755
280500 0.412580193068
280750 0.409224133053
281000 0.409301933796
281250 0.409704964763
281500 0.409042671395
281750 0.413010274252
282000 0.411025610522
282250 0.408058831028
282500 0.408286142213
282750 0.410272841911
283000 0.405665473777
283250 0.406984661206
283500 0.410011781327
283750 0.408818463717
284000 0.412875563175
284250 0.409205609552
284500 0.407467067088
284750 0.40232577958
285000 0.407560984973
285250 0.407652691613
285500 0.410146127088
285750 0.408528837734
286000 0.409119872588
286250 0.403656032592
286500 0.403999630967
286750 0.406875290363
287000 0.409265244504
287250 0.407725180311
287500 0.409330220142
287750 0.408270366734
288000 0.410623605886
288250 0.411999095186
288500 0.413193269318
288750 0.414153920265
289000 0.411766895275
289250 0.40773372907
289500 0.40968481343
289750 0.411229396563
290000 0.411488815112
290250 0.408171555511
290500 0.411121982793
290750 0.414349465458
291000 0.412997228806
291250 0.411163992246
291500 0.407367317381
291750 0.408958983501
292000 0.410217467267
292250 0.412762051933
292500 0.407816919822
292750 0.407674111779
293000 0.40750105477
293250 0.410018546538
293500 0.409572847824
293750 0.411290801536
294000 0.408744756262
294250 0.407479208305
294500 0.409621929025
294750 0.410819003795
295000 0.405488760316
295250 0.408066781957
295500 0.410949842525
295750 0.412765098675
296000 0.409477559099
296250 0.413869737789
296500 0.410421826464
296750 0.404867752225
297000 0.408501241907
297250 0.407983805037
297500 0.412016009358
297750 0.40922760004
298000 0.411976012279
298250 0.413782082871
298500 0.408238248584
298750 0.413440882225
299000 0.409039185003
299250 0.408732160731
299500 0.412050660159
299750 0.406468331769
300000 0.405075561828
