250 0.124238753981
500 0.131529184653
750 0.14175539947
1000 0.147390168894
1250 0.173351237127
1500 0.113124433807
1750 0.117101521981
2000 0.13998931345
2250 0.121622692913
2500 0.159203460977
2750 0.148289828756
3000 0.178229609409
3250 0.182535059459
3500 0.172578200939
3750 0.180359084621
4000 0.160762784168
4250 0.198664247584
4500 0.18873091557
4750 0.199643083098
5000 0.161753553904
5250 0.177566528873
5500 0.184401713205
5750 0.17337437178
6000 0.153383940666
6250 0.156062223584
6500 0.164367085061
6750 0.190911289027
7000 0.207474739638
7250 0.192054502028
7500 0.200305670247
7750 0.202034164002
8000 0.213358640795
8250 0.191067071565
8500 0.215347550706
8750 0.212776278813
9000 0.197900194654
9250 0.186973465745
9500 0.204711081654
9750 0.210426142677
10000 0.225996750597
10250 0.219283319543
10500 0.199202867034
10750 0.21123910025
11000 0.216471814721
11250 0.207578054021
11500 0.221488912692
11750 0.229037706264
12000 0.205624982072
12250 0.219215804676
12500 0.214472579556
12750 0.235892557328
13000 0.233895751597
13250 0.220460387179
13500 0.233314610202
13750 0.212413321668
14000 0.205665277736
14250 0.237689175448
14500 0.22985813718
14750 0.245656739144
15000 0.231813348142
15250 0.23925824003
15500 0.23438228102
15750 0.234565225766
16000 0.244922207777
16250 0.242513172829
16500 0.215542830542
16750 0.226369106038
17000 0.247536667402
17250 0.231930227181
17500 0.23755062786
17750 0.245514779511
18000 0.242528996748
18250 0.233809096859
18500 0.247999538041
18750 0.234805418515
19000 0.240618066226
19250 0.245307509312
19500 0.252417333901
19750 0.251292859241
20000 0.238490306559
20250 0.24138184955
20500 0.246301742164
20750 0.257193932888
21000 0.248444231756
21250 0.253885367589
21500 0.256377435096
21750 0.232337406861
22000 0.255720679518
22250 0.246756867553
22500 0.245171961457
22750 0.245709806224
23000 0.256402297305
23250 0.252922792786
23500 0.246555603145
23750 0.253473747677
24000 0.253192332274
24250 0.257817642685
24500 0.249592526389
24750 0.254862729607
25000 0.271271018939
25250 0.241802483624
25500 0.254690259841
25750 0.256509877249
26000 0.257593424033
26250 0.262264046886
26500 0.257275120449
26750 0.251056973048
27000 0.270614294337
27250 0.268359488106
27500 0.272262014186
27750 0.257621892062
28000 0.266290857085
28250 0.270788268843
28500 0.272516055028
28750 0.261661040683
29000 0.271098178908
29250 0.264632337614
29500 0.272461038606
29750 0.261872699122
30000 0.277114470058
30250 0.264668632532
30500 0.258787623028
30750 0.262577211151
31000 0.267709386883
31250 0.273461466333
31500 0.265610049519
31750 0.279140414763
32000 0.266625469345
32250 0.278338112926
32500 0.261062908289
32750 0.272575458702
33000 0.282498659192
33250 0.287384432667
33500 0.272733466509
33750 0.279349152446
34000 0.267345737766
34250 0.270232490594
34500 0.264200170221
34750 0.276172420972
35000 0.282531176614
35250 0.264895204554
35500 0.285116799424
35750 0.283330998816
36000 0.281779476367
36250 0.269729273525
36500 0.274680621793
36750 0.27564967487
37000 0.269547365142
37250 0.272426978789
37500 0.270167832944
37750 0.285108659018
38000 0.28374863153
38250 0.285608344389
38500 0.278813843941
38750 0.276683666745
39000 0.287529372078
39250 0.283672555383
39500 0.28075309516
39750 0.279046691278
40000 0.278987531291
40250 0.287135925119
40500 0.281167864398
40750 0.288614805863
41000 0.284491450932
41250 0.281282136148
41500 0.274791082565
41750 0.289111065006
42000 0.279224229485
42250 0.279999408545
42500 0.291306644706
42750 0.286954068396
43000 0.288699404479
43250 0.289494470273
43500 0.290098306327
43750 0.292694403047
44000 0.29075533451
44250 0.285374836484
44500 0.297811241385
44750 0.291838759389
45000 0.290269486673
45250 0.282736358968
45500 0.288522945412
45750 0.29748280206
46000 0.285575476241
46250 0.290606281776
46500 0.291836742219
46750 0.296976440205
47000 0.291048108275
47250 0.299578708371
47500 0.29951519312
47750 0.292865466977
48000 0.294477203148
48250 0.305224890047
48500 0.297043670597
48750 0.293510623062
49000 0.296455638933
49250 0.292969339592
49500 0.279881656356
49750 0.30288993191
50000 0.305553601484
50250 0.291681715714
50500 0.293208715071
50750 0.298861669841
51000 0.292450475819
51250 0.301835181837
51500 0.287933971186
51750 0.299004766604
52000 0.293823294636
52250 0.289426610967
52500 0.307244531082
52750 0.298953246396
53000 0.296635886384
53250 0.295176555972
53500 0.294487209336
53750 0.295522914562
54000 0.309773637624
54250 0.305877097369
54500 0.296096408892
54750 0.300513992069
55000 0.289296692689
55250 0.293680482206
55500 0.292745786532
55750 0.304059478856
56000 0.292243235173
56250 0.289870518101
56500 0.306565700379
56750 0.306281942262
57000 0.309372280191
57250 0.296129206764
57500 0.303707043378
57750 0.303624760185
58000 0.297038205644
58250 0.308887295475
58500 0.291606185628
58750 0.294504611254
59000 0.303849604907
59250 0.312232941181
59500 0.315502741985
59750 0.312314835565
60000 0.299832159846
60250 0.306854895086
60500 0.301652466541
60750 0.314334459071
61000 0.299724697418
61250 0.306628912594
61500 0.311051448393
61750 0.314013019127
62000 0.296881069245
62250 0.305182537836
62500 0.307308835041
62750 0.313326007805
63000 0.309830336545
63250 0.312926973475
63500 0.30856636224
63750 0.304919006
64000 0.304437552403
64250 0.316177510744
64500 0.305018922627
64750 0.313314459563
65000 0.308277532022
65250 0.313293044703
65500 0.323521876108
65750 0.314842997416
66000 0.30573215629
66250 0.312149904046
66500 0.310451754728
66750 0.312808363633
67000 0.319459496898
67250 0.309015516663
67500 0.320096001619
67750 0.312618136972
68000 0.305773783634
68250 0.30795493548
68500 0.314523384741
68750 0.310783868487
69000 0.308224880495
69250 0.309549012863
69500 0.319150401751
69750 0.31169636919
70000 0.320025777666
70250 0.317471929884
70500 0.311569539974
70750 0.321132864618
71000 0.306137833893
71250 0.319127754639
71500 0.321603742371
71750 0.314188325289
72000 0.316836406387
72250 0.313366964251
72500 0.317665199892
72750 0.310151422138
73000 0.313430421617
73250 0.314061738823
73500 0.311051501046
73750 0.317907576872
74000 0.322892831615
74250 0.312931653061
74500 0.321530069575
74750 0.330107036467
75000 0.312787510798
75250 0.318046374145
75500 0.320573844678
75750 0.314492248884
76000 0.322072887945
76250 0.317266231765
76500 0.326420725366
76750 0.321573845789
77000 0.315223481023
77250 0.31712757204
77500 0.319080379638
77750 0.318269840312
78000 0.313092396782
78250 0.307529383761
78500 0.320886342957
78750 0.32449888087
79000 0.333705848263
79250 0.320340784607
79500 0.316911496334
79750 0.329104040041
80000 0.329099332792
80250 0.329242274294
80500 0.317634192282
80750 0.326256195062
81000 0.318801592916
81250 0.324981431599
81500 0.322094234441
81750 0.311832312371
82000 0.32558973965
82250 0.322178066411
82500 0.324641270645
82750 0.320916307731
83000 0.322537482679
83250 0.329419222841
83500 0.335155199884
83750 0.323410686671
84000 0.327478818124
84250 0.328365171575
84500 0.331588176383
84750 0.324627127108
85000 0.331091513387
85250 0.323541632849
85500 0.328796435901
85750 0.323657954784
86000 0.324485098498
86250 0.32417723972
86500 0.328079824647
86750 0.327044755859
87000 0.327922076681
87250 0.327996134906
87500 0.329162303193
87750 0.328544025309
88000 0.329688790893
88250 0.317942181505
88500 0.333780486711
88750 0.319848254593
89000 0.333512160647
89250 0.324356012062
89500 0.332961368928
89750 0.337356308302
90000 0.324237526575
90250 0.328553630741
90500 0.332910561652
90750 0.320806459207
91000 0.330199116443
91250 0.330375802676
91500 0.32853681742
91750 0.326296526315
92000 0.333713058995
92250 0.331999606951
92500 0.331406425399
92750 0.33237649651
93000 0.328134649258
93250 0.323433282109
93500 0.334160123496
93750 0.323434692172
94000 0.332753745439
94250 0.323225589241
94500 0.328878472618
94750 0.335468633469
95000 0.321942873556
95250 0.325111661893
95500 0.330959596641
95750 0.3324061054
96000 0.334267293254
96250 0.336236972615
96500 0.337182798175
96750 0.331530667493
97000 0.333849240709
97250 0.32985925794
97500 0.323340584392
97750 0.326883679783
98000 0.327033998056
98250 0.332217959793
98500 0.333516607519
98750 0.328835935497
99000 0.333163741413
99250 0.329046020255
99500 0.321273583018
99750 0.337616455572
100000 0.335266828974
100250 0.33781873267
100500 0.330401498914
100750 0.334368911187
101000 0.333635414697
101250 0.334507259994
101500 0.338633708535
101750 0.334350660542
102000 0.334000163741
102250 0.329024288363
102500 0.335591990236
102750 0.332494829953
103000 0.338405305067
103250 0.335877963854
103500 0.33694051157
103750 0.32807716769
104000 0.338946797662
104250 0.33131763892
104500 0.333870324739
104750 0.330000765142
105000 0.331685643635
105250 0.326091685745
105500 0.340809387169
105750 0.327610247423
106000 0.337772465552
106250 0.343259189777
106500 0.331270507947
106750 0.332865864241
107000 0.324713340454
107250 0.338562938558
107500 0.335606764562
107750 0.333696607451
108000 0.337350074897
108250 0.33923765413
108500 0.335010138762
108750 0.337700979132
109000 0.340721314905
109250 0.337947028383
109500 0.334448106765
109750 0.332488728741
110000 0.330684742494
110250 0.34194566633
110500 0.342732515415
110750 0.342497427605
111000 0.337611593635
111250 0.342159252604
111500 0.337627641775
111750 0.33300615538
112000 0.341243847008
112250 0.345364002174
112500 0.332612667321
112750 0.332910163022
113000 0.331637526335
113250 0.335821536456
113500 0.338420917512
113750 0.336580049704
114000 0.3422116969
114250 0.333114726393
114500 0.334193776397
114750 0.342626619242
115000 0.337725730989
115250 0.344797080814
115500 0.344862224169
115750 0.337700367162
116000 0.338383928456
116250 0.33824268454
116500 0.340293630961
116750 0.342352101092
117000 0.340306863658
117250 0.341744968071
117500 0.339216831962
117750 0.341298161648
118000 0.340465009167
118250 0.334054597727
118500 0.335319565489
118750 0.341596542687
119000 0.338392720918
119250 0.33872513686
119500 0.33592116055
119750 0.345209102826
120000 0.348571697641
120250 0.337975978486
120500 0.339970789551
120750 0.341428332849
121000 0.334233994223
121250 0.344257426206
121500 0.345694158176
121750 0.340704823064
122000 0.338450602004
122250 0.338728319429
122500 0.343231024019
122750 0.34215706925
123000 0.342279053636
123250 0.338636834188
123500 0.342811362131
123750 0.337240357245
124000 0.344059143462
124250 0.34505616434
124500 0.344634153018
124750 0.335788724014
125000 0.336300547002
125250 0.334772603164
125500 0.341930964013
125750 0.344064157867
126000 0.344089190012
126250 0.342774569598
126500 0.348119499179
126750 0.338544118549
127000 0.337144673402
127250 0.348602199327
127500 0.34372681577
127750 0.343379224158
128000 0.345596725334
128250 0.348517771496
128500 0.344418052691
128750 0.347207698934
129000 0.348325613261
129250 0.345904773407
129500 0.342999225063
129750 0.351041588646
130000 0.343770514542
130250 0.344358024073
130500 0.343254537296
130750 0.343803325025
131000 0.342018183962
131250 0.339135940084
131500 0.338686508189
131750 0.343543032171
132000 0.337256565909
132250 0.338184116827
132500 0.345707124188
132750 0.345994724649
133000 0.344746561246
133250 0.340215020979
133500 0.344642036477
133750 0.353755193118
134000 0.342276984455
134250 0.342720974817
134500 0.345625224437
134750 0.346083619786
135000 0.346770403139
135250 0.347485829297
135500 0.341134256232
135750 0.342424690813
136000 0.339171172128
136250 0.344896973745
136500 0.3427418952
136750 0.351439329246
137000 0.349784336221
137250 0.347149330299
137500 0.349415787666
137750 0.349167089947
138000 0.353948754359
138250 0.339840049161
138500 0.341441572023
138750 0.34476542554
139000 0.349153260014
139250 0.340969106171
139500 0.34795251342
139750 0.348028689886
140000 0.343062802687
140250 0.344453120895
140500 0.343030104245
140750 0.351302075801
141000 0.344562372285
141250 0.343698087406
141500 0.349443634773
141750 0.352498681491
142000 0.348371240088
142250 0.346290402033
142500 0.350985803864
142750 0.346088685866
143000 0.340576618097
143250 0.351135887832
143500 0.34808263002
143750 0.342716296587
144000 0.353221471095
144250 0.349026852549
144500 0.349644824147
144750 0.356912567362
145000 0.35401440658
145250 0.347630353243
145500 0.353058407157
145750 0.354987751172
146000 0.347222333415
146250 0.349508877946
146500 0.348916305761
146750 0.350163550595
147000 0.353017301434
147250 0.356757290625
147500 0.356849547751
147750 0.345475392398
148000 0.352931308972
148250 0.356890738044
148500 0.34106354299
148750 0.35180683876
149000 0.353455692458
149250 0.348779913596
149500 0.355248025569
149750 0.352105967519
150000 0.346754906549
150250 0.350788511838
150500 0.345995059418
150750 0.354311097499
151000 0.351769237042
151250 0.350497210686
151500 0.353616353233
151750 0.352374487131
152000 0.356550881004
152250 0.353011047391
152500 0.349009212873
152750 0.344331652515
153000 0.351776291884
153250 0.347260100586
153500 0.346437176225
153750 0.353953244401
154000 0.34674380402
154250 0.346803409217
154500 0.351314518741
154750 0.351773275189
155000 0.354826143754
155250 0.354272677036
155500 0.347945221701
155750 0.355667289458
156000 0.356550446359
156250 0.353559462766
156500 0.352662351234
156750 0.351048829412
157000 0.35346192339
157250 0.35026676845
